[-1.06687316e-01 -2.36205684e-02 -1.22374180e-02 -5.93067493e-03
 -2.79558651e-02  9.07683867e-04 -1.69929835e-01 -2.33392487e-01
 -2.48900795e-01  9.78388057e-02  1.56218181e-02 -1.88590241e-01
  5.75552301e-01 -3.18762861e-02  6.65819194e-02  3.66054204e-02
 -1.14927157e-01 -5.45053867e-02 -1.35458276e-01 -2.68942197e-02
  1.67570644e-01 -4.52683473e-02 -1.13667944e-01 -2.18127306e-01
 -1.05951648e-01  3.24009016e-01 -2.98850749e-01  3.53663928e-01
 -6.44882379e-02 -4.72612726e-02 -4.27986875e-01  4.20435091e-01
 -2.06003662e-01 -2.02860639e-01 -7.81317670e-02 -2.20277547e-01
 -1.40046722e-01  3.19768542e-01 -3.96849051e-01  1.04976938e-01
  5.94448580e-01  3.53879533e-01  6.10430226e-02  4.28413384e-01
 -1.89631890e-01 -2.21271567e-01 -9.78934724e-02  2.57945214e-01
 -6.49218267e-03  4.47343735e-01 -2.26531011e-01  1.47057003e-01
 -3.87408060e-01 -1.58461766e-01 -1.68211245e-01  3.02545749e-02
 -3.45227597e-01 -3.60410910e-03 -1.16331666e-01  5.02518444e-01
 -6.32804726e-02 -2.34085688e-01 -1.68243458e-01  3.07561366e-01
 -1.63175163e-01 -1.97812312e-01 -1.41002791e-01  1.97444141e-01
 -3.71281670e-01 -2.27373821e-01  4.38022289e-01  5.13684543e-03
 -2.13907814e-01 -7.30298524e-02 -1.21682590e-01  2.74941867e-02
 -7.66289678e-02  7.92689896e-03 -9.20123987e-02  5.41798117e-01
 -1.14832723e-01  6.66731668e-01 -1.16017516e-01 -9.00195356e-02
 -2.21836514e-01  1.52183870e-02  2.47949060e-01 -1.06666541e-01
  2.94696168e-01 -1.08864253e-01 -2.08378750e-01  2.70145129e-01
  4.92724982e-01 -2.77752247e-01 -3.99134536e-01 -1.98899393e-01
 -1.86165351e-02  2.11504327e-01  6.29468703e-01  6.06090437e-02
  1.34558187e-01  5.46151354e-01 -2.14101798e-01 -5.57152383e-02
  2.55221007e-01 -1.12540086e-01 -9.07630769e-02 -1.12446663e-01
 -2.91985019e-01 -7.41549003e-02 -1.32215597e-01 -1.48433494e-01
 -8.24287830e-02 -2.07894691e-02 -8.03909177e-02 -3.13936589e-02
 -6.21674156e-02 -1.53236299e-01  4.05654310e-01 -1.75333960e-01
 -2.01331628e-02  4.60809912e-01 -8.02836821e-03  1.32386308e-01
 -1.00914006e-01  3.83105569e-01 -8.41144641e-02 -1.27827270e-01
 -1.42773001e-01 -2.08272842e-01 -2.34885528e-01 -1.19339213e-01
 -2.56854216e-01  7.17409264e-01 -1.82881125e-01 -1.72657129e-02
  1.63708584e-01 -2.87487940e-01 -2.34858150e-01 -1.35639691e-01
 -1.42603552e-01 -2.69941161e-01 -2.66592233e-01  4.80584694e-01
  2.24500951e-01  1.06440744e-01  1.02963082e-01 -1.87645776e-01
 -2.92723838e-01 -1.40028243e-01  6.31059570e-01  5.78840917e-01
 -6.62699169e-02 -1.77298944e-01 -1.27539061e-01 -3.74419610e-03
 -2.48266155e-01  3.22227623e-01 -2.63224907e-01 -2.26533156e-01
 -2.41263749e-01 -1.64580592e-01 -1.37620402e-01  3.05171443e-01
  2.40639528e-01 -2.29877642e-02 -2.75724785e-01 -2.17156900e-01
  1.10876380e-01 -1.93111591e-01 -1.52689528e-01 -1.24995524e-01
 -1.85208195e-01  4.28501471e-01 -5.51707300e-02  1.77611057e-01
 -3.35032910e-02 -2.30396774e-01  0.00000000e+00 -1.35772968e-01
  2.79793241e-01 -1.13359788e-01  7.99546846e-02 -8.79435433e-02
  6.84833654e-01 -3.10915088e-01 -1.15875201e-01 -7.81151625e-02
  2.40615647e-01 -8.29732064e-02  1.78046510e-02 -2.23189486e-01
 -1.12530271e-01 -1.58262866e-01  3.03159826e-01 -1.18801942e-01
 -3.99230082e-02  6.32134853e-01 -2.06202150e-01  2.38778928e-01
 -2.72026612e-01  2.74010863e-02 -3.61639156e-01  9.78323579e-01
  2.60256438e-01 -5.30505375e-02 -1.86514540e-01  3.62392304e-01
  4.26328185e-01 -1.70140478e-01  4.58237873e-01 -2.62329439e-01
 -5.77718365e-02 -1.97771944e-01 -1.09919614e-03  6.12501309e-01
 -2.57502380e-01 -7.72544724e-02 -1.39349093e-01 -2.65126237e-01
  2.71236403e-01  0.00000000e+00  8.88338632e-02 -2.82241961e-01
 -3.13370656e-01  3.29690086e-01 -9.75659899e-02  6.15618019e-01
 -1.15074684e-01 -5.00543335e-01]